5.769189341688207
7.364480238606204
8.406354472830866
8.187348881789074
7.872099733610335
7.672875775839421
6.778696839298581
7.2053860097916695
5.199324470686402
6.9180407320541475
7.7630615520563016
6.557041625452757
6.184690630190487
6.695658681347946
7.803429207086421
8.221370864633755
6.805394732465358
9.385573114003687
6.313272990135062
8.34863186052244
7.6603829016726435
7.401020523511598
8.103084616220855
8.68625748315883
7.98382043614783
6.612843315097412
9.174198154017525
7.433902677887516
7.8013676052560355
8.933329914778938
7.231504300229885
7.459948669838619
7.113134240053416
6.736009478268845
8.282652653904636
7.062707051151002
7.572421763529721
9.036057394763024
6.848792773751569
7.673063938095631
7.196249793955041
5.396691326604856
8.660371144600221
7.5348691992324275
6.644460098241488
7.390746483746565
7.019276481245107
8.251790492067313
8.662945168735028
7.851833083840731
8.263004068816802
8.96882778455225
9.009796646131903
7.6734681108643485
8.188813805977054
8.570721151321846
8.918632929528087
8.353757238492346
6.002654992801043
6.341325167794256
7.286559439075287
8.065681761877672
8.227292117732869
7.58160101210482
7.74886275035
6.875474805310752
6.6051925777568785
8.203228718264914
6.667828711377481
7.437353853060067
7.214765648402378
6.719284094377868
7.736765287124014
6.564721242200198
8.247855746038134
6.163440803048812
7.687284823284093
7.402042089955563
7.249108337876603
7.247619746851349
7.668574050783249
8.519780307166432
7.103144374599557
6.834965318788541
7.015293401284924
6.305164807693847
8.024741973142103
8.865249352389664
8.231235002100858
7.958985375150244
8.007245893235629
8.020176726396908
7.193976380542808
5.905522523765104
8.535304451285441
8.204315105261488
7.451568130826341
7.4466980622213725
7.155495661018796
7.366722912985138
8.117538027484887
4.991824581251834
7.419544220643421
8.3095058389472
7.690782873780952
9.237212048810793
8.06307150454365
7.573352905221749
6.899207950984753
7.741893018527415
8.284019307178834
7.523183951058932
7.13763425269067
6.414693716927569
9.410898372418107
7.371081118580607
7.161507135678832
8.019793453043228
10.572734982009868
7.861194550175107
8.403112050205353
6.7824495322690135
6.659128608908118
7.292452214551003
8.734718574497712
6.7678490682011265
5.431356176217836
7.86989933335794
8.539205364463719
8.0497496517125
8.670741063678316
7.544275269400983
7.480105730920252
7.861478747622448
8.423561929377051
6.153045746907895
8.532411933863617
7.641679584458557
7.612585919629781
5.573989520793052
7.389295721358496
6.409793685740618
6.735342443469482
7.174213150800489
7.984000110294527
8.444473769897293
7.003656107722745
8.322219591062275
8.203728246432888
8.080625322589231
8.554189386941482
7.410290512671089
8.046051783904977
7.206676043734378
6.853618499193071
7.895299446215104
9.075465574583653
6.894086454515337
9.837230719852926
8.585881363898803
6.7848185781488635
7.573670236102068
7.943929020241356
8.299389844666065
8.800112006487332
5.598423378335129
6.656799182163739
7.4356481141282105
7.112926488523805
8.848151830885277
6.433181568071717
6.896638241016853
6.127706299694387
6.652734154132353
5.920626606304376
7.636429074733768
8.097388518353968
7.350152718560173
7.926885727581308
7.283141670214406
9.088978951660128
8.25017670493051
8.281766650027741
7.028538219577318
6.453560117932483
8.174881256589227
9.226905907199724
7.233539542523859
8.265092640088426
8.693336185217836
7.9027621391702105
6.664679437878838
7.489956788124882
7.074802541640251
6.475807327341082
8.67243457096027
7.371356679205335
7.186678033671043
7.179128313696213
6.465804983757371
7.21461061534986
8.078657073024306
7.959394062296968
8.159273416609444
8.297623616484584
8.125290008410367
7.382003801136875
7.721915988874091
7.1659033288583975
6.9094383243721476
8.33462217325256
6.258688855083169
5.8118019381581085
7.205095316649136
7.440131717831739
5.04005574159626
6.954472164179009
9.929366327922862
8.360948986895165
7.2009794449981905
7.096787135542914
7.77355059110773
7.838209230987824
7.687214611508491
7.824174686912775
5.634929098738519
5.703128614492484
7.680071946987855
7.418638264861432
8.53652395537645
6.457966833938097
6.63152984456507
7.396177015970101
7.2892429733564414
7.975569392086732
8.331144793785011
8.171311533204587
7.580456173458093
8.230957534963075
6.567375953598252
7.0746102870082685
8.789890935426651
7.801008879736797
7.3316462150376545
7.041944555055308
7.2463187057589
7.5197815854459105
8.19670228397025
9.885160922989037
7.627540825524243
6.287530374750916
7.103487816760961
8.024995777448344
6.613547829178998
7.572821406701712
6.659255180515188
7.543278318498277
8.78475598467478
5.831003685330191
6.729380345603233
6.629580627365417
7.794051927808254
6.457221713436828
8.174255461300051
4.934049317508979
6.097393042218939
8.132990334489094
9.401380325758826
7.3569643683692405
7.061128276338288
6.6456174720090235
8.068324970909563
9.379581713591584
8.585147103255084
8.175744728154262
8.181834952086904
7.745728387990616
7.13701015226847
7.814074915762962
8.111927462893638
9.62265397882194
9.228846418625839
6.2643220466577905
8.17290511036547
7.28198710740387
6.800167838029718
6.4009941589079276
7.35029654929425
8.206070856688791
5.917686967094419
6.656983760741039
7.891111073506298
8.115092112040038
6.899475465019408
6.995384765905021
7.857421748488966
8.265768117213412
8.341652153648692
7.0985421229294055
7.4267141568822606
6.589294324912368
6.906038173269451
7.063448058002638
9.478617167459252
7.609552531073291
7.202826415781047
7.76199213490723
7.721929178077272
7.7553943918818655
7.40089495075963
6.586798520957653
6.695520745009285
6.064750707929528
8.229020780332352
7.462151707761594
9.58211934385945
7.72349014617507
8.19690894091924
6.725757567162572
7.852993440898025
8.766822825058785
7.599724850386125
7.4763311508999895
8.207396817630523
7.392057158761488
6.081319702486818
7.298007994017919
8.527865380011084
6.845441383772861
8.274554763241504
6.4516781316533
6.7932999676099755
6.976114803240817
7.773136210682976
6.71249410017011
4.9743344931820666
8.731704829173397
7.054176945286218
8.379994266309327
8.149002040260205
7.307122675002101
6.775375223921904
6.772065829201658
8.062606566711231
7.5121914141255814
7.5794819452100715
6.501246030861419
8.004948448135217
7.792459501485022
6.912718929937364
8.152393267574034
7.300579304137791
7.905889059482026
7.5295282534328365
7.617660299973689
8.922594645148878
7.328445250925581
6.8667955123124615
7.4622533613362485
6.831783043828639
8.867055700088931
7.130978829564086
8.137828709587293
7.415774852848914
8.034284982523689
7.429663565568318
7.8330892759070965
7.812208068092066
7.509184605164791
8.306239768131523
8.721249531151798
7.05875521194433
7.3941012764537115
7.191947452457603
6.97289493509798
9.868436636948838
7.324504350540952
6.467668069444448
6.731596868041596
6.219724420061738
6.808086910593396
6.4282718741019975
9.485609646413604
7.919497283778763
7.497270052455865
7.198546036032198
6.600686102506153
7.418291983032775
7.159837228197459
9.094581681960136
6.3733131098001365
7.858725801325453
7.031903046261433
8.786807116036938
8.324555285816396
7.542912334929675
5.0447376137123765
6.8229254385264655
7.309213088139467
6.840853668455932
7.879743265901512
8.002850939071575
6.966367631912754
5.179741075212775
7.091131109328166
6.950990549872999
6.71220495616121
7.995250498682861
7.7725903160830105
6.948963032304137
9.548295691224112
8.348191621560819
7.998975723995887
7.597576165069789
7.022946102360362
7.219358398870564
6.597458734877315
6.333566753257961
6.95738186403598
6.991929184269404
7.947356909052406
9.066034080071038
7.750001358846607
6.662216444789798
7.973019521353634
6.967835981467844
6.26439746539835
6.850465990723927
8.79703328340743
7.711685001304173
7.322324317282369
8.86735692584046
9.252954759115479
7.559462692351819
9.392906238772483
6.411525374994258
7.265263415504066
7.506096935858337
8.252503266494388
7.641361896608049
6.508064222268762
7.374234914202476
9.002436866917499
6.543618335154294
6.731531849948284
6.860816880151407
5.713796055457002
6.802129528142311
9.017957129210025
6.996500166362884
7.753600045885404
7.994378874341304
6.945861604978647
8.160100389274708
6.730628680634403
6.813883839061884
7.194848396891536
5.534870478006395
7.933749012576436
8.547321996161731
7.357119364797573
7.88486774816451
6.769538000846478
6.275156699084773
7.409810849006947
7.439719462564764
7.149946767803157
8.237197851785824
7.0169289487137165
7.478757047850567
6.55719501531219
5.71038869579719
7.488112316504431
7.199434878429762
6.512918732855249
10.909621885728086
6.928738930365263
8.223324449897294
6.175951327353726
8.280785301539714
6.713051284056979
8.075060724657558
6.572268753305579
7.484779342230508
8.5923269818635
5.4365079781843555
9.360984039193644
8.076686987701281
7.389734783951326
8.792534702820252
7.9543932551885534
7.21065572695027
6.927628147000119
8.41311945393329
8.602490018346712
9.450271044726167
6.544704597619826
7.185581091513216
8.98238107997353
8.177118431065932
8.034531515569833
7.4632234235219235
7.252293586660827
7.567199595501649
7.598562734017871
7.5530523890173535
6.162649877045798
7.682906289600378
8.769531962534924
7.765305949548731
8.174735061510772
7.1675609389786725
9.731704208591623
6.6404087860403145
7.461409949283725
7.646433649507864
6.827644169525801
6.833485849755407
7.688495943048875
6.479932868390425
9.164024815721975
9.060723728953823
7.794372278951086
7.991674768723951
5.408578446604957
7.334922197281061
7.89865631706963
9.902037250393976
7.797289658079665
6.6745283232803265
8.187047296886787
6.1911564393925795
6.135919869646322
7.666739522151515
8.200837980639484
9.934665489461867
6.805795718169022
9.120620270241655
8.289773629794936
7.849820578661105
7.240032043594773
7.120905026398522
8.51105555220809
7.520816931329693
7.400707798538697
5.973536559646936
6.788315368579143
8.09665000946134
7.450589579897493
7.6506553352852915
8.362783430735751
8.045277609811786
7.483653918633429
8.206908598481363
7.208837669755196
6.56022978641734
8.928554163321532
6.132063815213636
7.804062416320599
9.798668755457088
7.6148648139869985
7.879799529142666
8.724342051546502
6.252816522430754
6.377072507021262
7.547916808743086
7.309806870648962
5.909458327346471
6.195304297809502
6.647506446264553
4.662232676864965
6.262654338417386
7.642340680593202
6.596199044554604
8.184556872050564
6.461245211347208
8.959729270899288
6.638786034776258
8.690425551099707
8.893729462495116
7.261472949601265
8.29898738929005
7.307424203584748
7.260663725186539
9.211686631398692
7.157856609601606
6.467986476689902
7.135963138218015
7.950628350651848
8.367111307347926
7.469430464194088
7.401339850618024
6.372642282390789
7.138414388665799
7.018834326114215
8.255977551151496
6.80315938955317
7.758637009027937
7.440981415106411
6.961189722801429
9.150875926813777
7.827432100787419
7.872943156267393
6.964637037104655
7.334497890782941
8.369086446821104
7.46363602425932
9.281629202890503
8.62604291864205
6.504343562467538
7.695267107000651
7.573177709528325
7.833535804618418
6.272457008109553
8.225720683248877
7.109709470624855
7.178819178253418
8.72446947557204
7.240261843606383
6.7162340173459425
6.685823091260231
6.263718858300316
8.26257197429229
8.49126731578526
7.433805221444702
6.931392011577411
7.5303068264687
7.380930220664327
8.00848676690372
6.771983324690102
8.35693324793538
6.088639992172092
6.09323952320794
6.702576374791996
7.902636421535898
7.054496762750117
8.232919199948556
7.324791248438461
7.481711385251997
6.276814564579155
6.334419128308996
8.173464754221085
7.520320799155107
7.071343723507586
7.198916261681715
6.53635423237823
6.950893696659986
9.336661325315625
7.806488844260653
8.729315188157921
8.77475128392222
8.212936242559683
9.357403069517755
7.462156101220377
7.348808400997584
8.128060529277795
6.314091017861348
6.721666970400598
7.46616679494022
8.547011725851055
6.676554617489838
8.473232940209018
7.847105187033672
7.578592342809199
8.095075112667104
7.946644681316833
5.259311387066172
8.13590257988687
6.946007081535609
6.431646618007301
6.549416848550498
8.006161653200554
5.920018328532456
6.430340770486557
9.348089363641487
7.374329072655684
6.494136240736884
6.937688697290359
7.397968451910225
9.219599023667937
7.430364101315565
7.727194983530777
8.267045641416818
7.612199058746446
7.0290233334074115
8.208616118535044
7.927613488426305
7.3107253862690325
8.310692321675504
6.74884452827726
6.825291577454242
9.366063822147957
7.305384030341729
8.354415331333445
8.840054536330493
7.805956938780299
8.125040776577976
8.886786750886605
7.9934408511031005
8.137757437320303
8.089883171918977
7.754661060911448
7.739090468367522
6.7026562009924415
8.930559774962909
8.050131019085153
7.474303496511825
7.638156312070855
8.459764303759325
7.010076295710156
6.407460686195469
8.762981605460732
7.628988169145874
9.579542319216891
7.986503253185173
6.936348416860691
8.698962535513854
8.886259385130934
8.190248579758876
6.134327850344432
7.8698854458000485
7.39004495139222
7.258642693781192
8.700958467358117
7.2244256302590175
9.240709898802884
7.7638060955261565
7.445036935893771
6.821805115120009
8.30161436156171
8.549316220592655
7.789083754249849
8.503023509677526
7.55112975658812
6.675172577590746
7.391980744672681
8.178262453007841
9.666344601567776
6.359136399097807
7.127018323909434
6.991888509132225
6.801084974682043
6.065903759019529
7.231983267696624
8.570704034904628
7.045236475595187
7.997419769357088
7.408137142610627
5.847539756243025
8.161252454990864
7.310447009236183
8.037714672087303
8.009453142786384
7.002058059709612
7.482562247872635
7.311928115132195
9.082502218321554
6.94141722931159
6.10950972091487
6.422142845445844
8.594650332571378
7.497150081837699
7.779390699509906
8.073472084287516
6.479210534588512
6.90974329036821
7.408151365627823
9.609086638079296
7.574293541059745
8.490395601523879
7.393836478120772
6.453772953130277
8.731269596316844
8.572698500757934
7.99540583269417
7.0834715447713
8.029684855783536
8.498085424097242
8.687213975906177
7.8931463044953345
8.947859250340537
6.295949096975655
6.9944978493486385
8.708013448957889
6.158903138537674
7.858620986229196
8.474788037729914
7.332831851893331
7.194794611066853
6.508337829478218
8.192586984008441
7.64882093147592
7.757722381495871
7.548842751503876
6.9087960918303235
9.395130676946097
6.836900061559412
8.160731216722533
7.621721327030427
7.068129238708487
7.256524607304811
6.952285896733023
7.809775773125019
8.445575978405387
8.350656484110091
8.910480098839376
7.824420878309137
8.782574156409561
7.326992214058252
6.666438650256641
6.465884740870355
7.478897469341968
6.752753653881653
7.774590529542857
5.6380587650990215
8.865868395766547
7.668543159436239
8.649467946181417
6.99055426839167
7.233712334048572
7.605364020039665
7.701190568902813
8.566614640009167
6.918174287689231
7.034936315500101
7.687425305595397
8.052288694936928
8.574855099034492
6.054335221289453
6.406293390894854
6.8394662557467845
6.6489152954476864
8.103491864786665
8.91029713828132
6.971988425190349
8.24284567741943
6.848107356189816
6.845627937867091
6.604982816988178
8.474313182812441
8.074237511490919
7.670825427829416
7.65995219936874
6.921584869852671
8.67407442798557
8.453546617596732
4.251419077250067
7.3293598150816575
9.118026205580001
7.794714656794745
7.241010592947779
7.222522884690883
8.08924460522233
7.027314239250482
6.234132449040828
7.516478506977908
6.210163277340711
7.376200463281296
6.866986117607696
7.281635204035443
9.271925057416752
7.264236135259445
7.932574633885681
7.461513066032048
7.469163767805036
7.70638594124216
6.567779918160371
6.155819051473849
8.290275488046007
5.662289788484044
6.835759301768661
7.630162852392241
6.389309715524915
8.208667849204415
9.524841311231873
8.127101454266485
7.906578882149375
8.592863381337844
6.1290651874484166
8.305891404959848
8.323615697506273
7.651811958246061
8.767543026264887
7.002984259520052
7.563624611495267
8.591502002150623
7.551057168520339
7.180027130232444
6.608434884553344
8.21524091072173
6.376841433069126
6.929939144025629
7.377208611095908
6.2638906633096125
7.597073509877868
7.14139725495417
8.297611413983457
6.961476929716457
7.442178371685526
7.916946153773255
