27.286040423825128
29.453735853828526
26.26427191213516
29.656505198918925
25.98110341694358
27.273882015955078
27.30572412420463
27.150153188390995
22.95238218357044
23.879854941266345
23.261422670375524
24.95617706100012
21.254756555347818
27.17421671203631
28.863886970691297
27.05105869557575
27.45297636459813
20.929278193421922
20.02921042556266
21.026765941011327
25.962119364105284
23.76963401598178
26.239124364080865
22.250685581918166
27.169986900356115
27.352874970797696
28.356338226725576
25.342660660303235
27.21961307042872
26.398300390293024
28.979208261338364
27.33041005313929
28.448113651135962
26.620260708370562
29.440080317881844
28.97024005163926
23.545515606032176
20.67419372239306
20.457758311532352
21.508233869613207
20.52223912526181
29.556921874811103
21.980011703316585
21.005372324725922
29.735131804814877
21.808606380378283
24.725458616415068
29.39548216597115
27.91292364481918
28.87529811304766
22.623733725769203
22.572972585561764
20.390858121411608
25.231500480188373
22.222815291891887
22.26287130271197
22.84755509970377
26.21557754176137
27.992471662352493
21.702436018784713
26.16843404970855
26.417533413907623
24.27929246106467
25.65020585149633
20.71813329021011
21.715588565906376
25.927708292408056
26.02866640312118
21.69492654180671
25.98622629614649
21.912241860740522
29.051235233859536
21.05708351588397
26.457579588259357
22.41197502721933
23.095392596866226
23.434057672422792
29.959446039799627
28.523418187966662
24.242007999512737
20.374829975031684
25.583554279823133
24.245222874378733
22.081507658491866
21.30887539449123
22.847420550131233
20.014118557832877
20.51508641504793
21.987034245149008
25.230080427792075
28.263733105051255
22.2074243784073
21.78093228671849
20.27760484265976
21.785714822527652
20.248656023747436
29.771715891137944
22.257509902773236
25.76650304093476
24.55538492995573
27.589669498689517
29.252447999107847
20.26558656950425
24.86069175929149
20.87549892242468
27.034006352134305
24.98528136752484
25.75875710745901
27.85080310593733
22.979644307267396
29.440096214601475
28.03977720181876
29.735527687237724
29.43757610485187
27.770741351823148
28.66747898252752
28.31997711315886
26.2733566726724
24.758731958008138
24.73803548489501
22.638650284692872
21.919394500727456
25.78676939429974
20.723644009354626
29.7559845693408
26.993600974271754
29.354905490994778
25.125079402831865
24.399491974848743
22.158272844717708
29.080896859974526
22.118499654539445
26.229647703972983
24.150575953914434
28.546071060751665
22.667373325974918
27.66764977853664
28.868989975067418
27.657973572113242
20.60672155839881
21.38746182212343
21.709984049926156
24.56671108581721
23.5694224203611
29.100700453474424
26.5999574576211
27.706416352095946
21.283343132255304
27.796834244359214
23.716441479248424
29.98054944828307
28.924587289922478
20.430956735386573
27.426728637224457
28.276062568011135
29.87189124581416
21.069199985896418
28.677502666594897
27.92936990276703
27.160037498802673
22.312652400412823
26.002223617403555
22.21005059966827
25.33795568827071
25.93598331816312
20.52378833270289
21.87546590515052
22.217216077970846
29.99025188458039
24.184276710574178
29.001986883096876
20.32198881593138
24.78178577050732
25.178696156920097
26.638138779540437
27.916563026117835
29.668906508777116
24.044688491500615
25.66768041398675
20.086752527496795
25.56475528097095
20.55094014499701
29.3151744454684
28.74024740040829
23.14053135087716
22.030720492295323
24.51829435756305
25.248594872786125
29.233567969973972
21.593963898002336
27.69255060002528
20.895438789319236
26.824572877506846
28.853706890303314
27.37137501447775
26.88155534747599
21.63477663280691
26.831410035759795
27.01160306852149
24.19323345716994
29.008648265643927
26.910557698806983
24.83991730755594
26.40944293304222
25.224670078954965
24.617567697036236
27.278716092519414
21.58218986479964
23.92797150724754
22.4895506741437
25.999478144462596
21.646741383993596
26.471518125797584
29.852961455182758
25.418890198143323
23.76792599532157
24.513163748401425
26.927500834974957
29.739422436784153
25.615545857078764
26.55415007651491
21.279131967479415
22.554707022141894
25.521487424422578
28.069185037482217
20.251783247180796
20.84905623355104
29.968101951373583
26.188596445532554
27.38684110978248
26.786439453562615
27.630377188976503
26.173101033356353
27.49113477940213
27.808173037590056
21.783280907569463
29.840002237181444
29.533089504969276
22.303030782100063
24.56984114055874
27.458219812472027
28.503272517351576
27.896042790935468
22.596139889995793
29.99473706512199
23.314330704323325
27.580471341829966
20.37040794901679
25.91314635838703
22.883220948667436
27.039061965046887
25.118818811436157
21.875699604044843
25.3352738081521
29.97561750140847
25.799376967878974
27.321506143701523
28.763649635069715
25.124733226656694
22.38612631816224
21.50469324721664
23.641881146030315
20.62187549490055
26.013438329771134
26.71835282516693
22.078504498943403
24.477143741069042
29.725094528845634
21.456286095147668
28.843122376420933
21.878502598796942
21.05930717944868
22.366560308298432
20.612559934456893
22.31711935944813
28.77990967476457
25.65347444751537
25.84073473657896
20.554443696017547
29.915609560533014
25.439045289868638
26.094290599105207
28.793077447800314
23.51661087728329
28.78827023428339
25.058207375381336
24.254959052412712
26.472912110758493
24.661210361845
25.291549988511363
20.712910664969503
23.84935079824155
23.8591793186379
23.702520702385897
23.30360901403278
26.373420660786778
20.937893370174255
24.545840507700344
24.390268659892612
29.23758236796043
24.763079512171387
23.799600660797413
29.071490835224218
26.22876400739775
23.52472495266554
29.79242049211333
23.706804658165936
22.459904518058252
29.694582338558675
28.30764828304514
28.143491217972525
26.837380364342515
25.278156925997976
25.93969342438173
20.814217792619306
24.529796328957943
26.06907958100099
20.24487992867383
25.32791775792213
29.90771218029534
26.1277062331677
21.945961942572005
26.981686196246628
28.73658156235894
27.745867123446445
26.113811758135146
24.34459790923978
21.07856689007482
29.991422464152194
22.498771936285415
21.820965526650188
20.438128609402916
26.587235758092103
22.62201939503686
27.34724139532927
26.09622904096807
28.78534769899653
20.55875935027979
23.891561978520876
22.842621630599854
21.681031123942926
23.50962166686432
23.831740833514566
21.332879588251778
21.187885351281675
29.525320942854673
22.36692572522478
28.299499170110817
23.514036409486188
28.888692825823696
22.548276720501313
26.679646111112397
28.14208353765742
22.953469098584065
22.65927239015044
21.97918419495682
24.64592034467774
22.69222790591969
27.525506877962755
26.29866524170728
27.91973345378144
22.84970217174286
29.312458432845283
28.814913687887923
27.89420445747141
23.433961012238203
20.40549657586699
25.144833116171572
28.96602644802733
21.74239628780483
27.049731844964196
27.159697973630607
28.110014367196012
26.910816448124233
20.005974070565763
20.35524611391884
20.792683239010962
24.41301750251108
25.89608418503125
20.205325437131435
22.30124496119259
29.300903042886077
22.267852756614484
21.15213040916986
21.756173354600474
21.944756982829503
27.75339440861055
23.0449397524835
20.15844828999982
22.225354035801793
27.132447460555284
21.491969271146072
24.11628885185101
26.432724800605165
27.488095731066206
27.33124887470087
26.402012621303854
20.28479954748251
24.779160669713093
26.359547093228997
27.859446134488493
27.66492311213213
28.55662641367599
25.99537897712425
29.581413622800838
20.28868367972511
27.18783925901878
22.603136713732617
25.9483272340561
28.63716579756991
25.596363215588234
23.333267111391844
24.028556641366038
26.74605508569193
23.475749894081932
21.23734633286403
23.27828082208775
29.19343070074453
26.054024242478487
27.49550689839021
28.917337545862598
21.444773258153102
26.200165478656462
24.904653326159647
21.566107085965452
26.648574803093076
29.33074745234375
28.73322021393873
22.736210406599643
24.574901869567302
22.558002779668744
26.909559318841794
24.921879972810927
21.69008386891494
26.322129578471074
27.241375448758646
22.123346707027252
24.748200838257247
21.283170603716925
27.936615794955863
29.39907263365407
20.626563042157525
26.1715470195004
28.552883329839275
29.139269508992697
29.06192353344844
20.21921368657342
22.035363548692033
28.82832890954557
29.77373995237035
26.487970537290376
28.143118233899834
23.76986658593128
28.989325352976895
20.863451667597204
25.0216122780842
25.311223795626926
21.36829378081263
21.53140026903581
27.09225813666688
23.670444229071382
29.450280165365363
25.766770373608697
24.947244923973763
21.19078492975249
29.79279748232986
27.11037701945184
29.111685138696956
28.938905704201595
27.621655510158575
28.149076388003678
21.088354312930992
24.093398068573844
29.799901616760774
24.232080867220912
22.51398406441148
25.328475481660963
20.89987282589546
26.160115765661608
28.71640989461445
25.024246015391615
20.020969205052868
27.00802176541432
20.950268523598325
20.416115938241056
24.33449962086481
24.78903636767576
26.2426365287252
28.79753907778602
21.690540413704316
20.975855815373365
22.362909109771696
24.730918966167344
25.72190003938852
23.910922083429945
29.60734378322651
23.07012394257239
21.44839503330995
28.55174478398108
29.675237312216847
22.858056030597933
27.69520356868065
26.414512183212764
28.966225065691866
24.203041461731424
21.280091458813985
29.85462167003796
29.81897696739909
23.226939593488694
25.483596618884384
29.33111493495881
22.20999662080902
21.240178618488542
21.217857478459653
29.91914398914095
28.962876663725247
20.228598862149433
29.16048566524688
21.59503241496707
21.99550184849774
25.234698950527438
29.29362221572643
22.864339663092117
21.857031677824065
26.660494889820725
22.352515371751785
29.540351624712663
21.93726632076289
29.26732028453521
21.096961705286333
27.285330045478673
22.447227266429998
27.73817558745199
27.438598349189753
20.154170224809757
28.113254453591892
22.657568670620748
29.64130143857317
20.57063488217254
27.610149323262682
28.19861947333118
24.920068193602614
22.831529349923816
20.959686754765197
28.321951161412066
20.138524465234692
29.739424598675328
29.498233587396285
20.11345911252017
21.89178050256592
20.17919345143551
26.312873935902346
20.69321881157891
24.68329401800421
24.686183132201336
20.006052476187104
24.932806610274937
27.248138515546316
25.42891210612721
23.01731229891103
24.93530924144837
25.38634235528605
23.422941343410034
23.680885337963975
27.57351203163128
24.560079767823837
29.89145796517229
27.678222461064284
21.014601942221063
20.199649521956246
29.180916244761843
24.49996695070231
27.314263117514194
21.979863938028803
28.677449447559596
22.527000780248905
21.781876122168594
22.940572913469875
20.366210442621913
20.82787380215587
29.992631082451283
28.84194877522153
25.734755495008542
24.68473793036609
21.189188574695176
27.325550560211372
27.79368684948445
26.70741784640214
29.710234768718053
29.060627205656097
25.742707007916145
29.21716488066642
28.25355165419719
23.719346941993045
21.0523122460238
20.652810359569834
22.243034547444257
24.374570030687174
29.391972500309905
26.521158753949244
24.42363142772382
27.369056581456135
28.78282134662342
27.888682726035746
28.28791221413865
23.6195346499637
23.4481104863071
24.222537106343562
28.390170737708495
28.84384079146748
22.898905121009424
25.081910754030627
27.629161470037793
20.977449162542303
26.05743281417732
21.987970586087958
29.560767771283132
25.143904091237186
21.97952578133226
20.288066366857965
24.867565548086542
25.7074251364658
23.96558334073395
25.65708892428113
27.553041955747116
24.62723400289847
27.272355954409058
29.004487533170813
24.635488625951766
26.125721691877924
20.900989224822844
27.22540041259129
25.129676778496965
27.698277329063906
21.356511431784277
29.67287357976074
21.962360856783587
22.918811866169936
29.919573000655156
28.027764583262467
22.83966934980435
22.604399681360277
25.338509747621014
23.95177460020636
23.249637100633397
24.813633700720942
27.493945599261018
21.527410303333284
28.85756022215721
20.507778836955318
23.493058948397486
21.690517936594986
26.71008210798899
21.06110699939151
20.72168095675861
28.823473241422455
28.927858397642066
25.468512213167365
25.281637481990508
24.633580750364235
23.01372023745263
20.243143860798842
29.453665803136754
28.83175237090554
27.332335034872322
29.664360782771045
20.130829780432354
24.79338266331204
25.129948265827217
24.34682771862036
29.060841564797734
20.749384732659763
29.930867586692457
28.561537358229284
23.99672219593205
22.109808351704473
26.494617696292636
28.75577809862127
24.12431907758814
25.380046850219745
25.92903066980471
26.48877208501996
29.069136816498833
27.654104578411463
29.869354774927622
29.910271514892496
24.963903610307835
23.90644326583704
26.63773709876115
28.02096532980527
28.628259940650295
26.783399304646625
24.30430125596593
27.94506464093321
25.344409695114106
26.16426910420637
25.30422502327872
23.316181987196398
29.070617096727123
24.306703248446436
27.71043852332741
26.48501066896607
29.033969077463958
20.236984533403053
26.698124799907724
27.650358423687205
24.153402651351104
21.261555656848977
20.520031222184954
20.254763762206988
21.11633987354398
28.07005362174324
22.726433247694818
24.39684036395084
25.491351808659093
20.394859419658456
25.93540842760587
25.0075236084056
29.745345031876752
26.730767623244372
21.319204984065042
29.480360581158912
21.614740951883714
24.364080489217365
23.449791750209734
23.0668892977655
20.475885050070588
26.36685532882172
26.03291223448864
28.936931387398545
23.810401148627562
23.699846171692414
20.487626106914586
24.443468815835114
23.704089975918773
20.45714974108217
28.24875888096344
23.382344632289985
22.046963298577808
21.300397589380832
23.601434619983152
27.365896019378095
24.094755921341164
23.088162052065456
25.39441539548934
29.743654327638566
23.5451123522693
28.16287092477897
23.50921666681692
24.321921948149566
22.049120060602892
26.26621751051676
26.583028247872804
28.503994370498603
27.469230738118625
21.319742226602035
22.906429628716445
25.33268064318527
23.526244680853967
23.594432919990307
23.553774273248447
21.273057759772758
28.494733451194886
27.813478749628636
20.48656292825614
23.668618767665723
20.69191560579662
26.573355615544106
22.217626330969928
28.82375933811575
22.703211359612343
20.167697174475574
20.895235663447625
24.582829906152654
29.91277363628644
28.45541679904419
22.46788878112882
23.201114888399033
20.737667632477393
27.990531263055185
24.38678874468826
28.417258903266628
25.037156609933263
26.75133462344091
25.833990332892725
27.286123522746287
25.71374075085546
22.850770821349204
20.639487289486286
29.70919767416334
21.961927411312995
21.888983397852172
27.033120441337605
24.43230723690909
26.15661219033638
29.752556799614027
20.126515114718078
27.47324685077949
26.031325731333432
20.04329609718403
27.15679779358871
23.15778221448296
21.98640181369779
25.952011472946257
21.3468004555666
26.32669608592518
27.704276967696018
20.978230675895155
24.391064003573096
20.528980917459556
24.25714829908283
21.094649976689038
29.348747898739994
26.915599163851375
26.135434310563777
23.98775384810162
22.35224214716471
26.662160108579975
26.778405996909925
25.478869536452446
29.588610512775432
28.43110519166298
29.753501574838808
28.2181566462583
22.203330440692632
24.248875581010125
29.984457328040122
27.5387289450465
21.195465178771233
29.610358227897926
25.314385604379325
22.436612428223345
22.434591927781177
26.980612706956272
25.91650698941315
20.727503678787876
29.451054691526377
25.12889209948122
23.44142471149053
25.29574443372683
25.295028481828147
27.568187966952134
20.95177060005017
21.987199694862184
23.894159535876156
29.43481823388804
22.781216923014295
26.27521471119735
26.181854020050345
22.53453460503975
24.832666789306906
23.589871950646323
27.39057976782872
25.079458606293727
24.915730212393306
24.80455699941551
25.79371952090792
21.06008314258218
28.147248689144206
25.77785711692765
24.12029978838259
27.511667755969032
28.929613260131426
29.03564046790003
24.39054529367528
26.868863982449184
20.983298245293778
28.806163302019844
24.228219673002826
24.849704486263615
26.63986877809054
27.872416591551648
20.429601720730183
26.08578373699954
27.186289213384622
24.05619918827918
27.79010457734961
23.737948421952815
26.42932597348522
21.80462085684835
24.487928026796112
20.22873955310822
28.11614055893386
22.673377097204558
27.794670851210935
20.746874451985878
23.107502662854884
26.72836711272692
27.903248354519995
21.386363870697
23.035349308189645
24.28442714002197
25.23293944154375
24.059837104322607
28.94184795326519
25.201256002959823
26.862434196034172
26.06340604426191
29.500620498872415
23.616738660367737
22.75699528464639
23.173644552601935
28.02281829391852
27.864904797030675
21.82092433426929
22.07950388994889
21.609654822453052
21.596745657940833
24.538789781005903
22.022035553768518
24.73555522945659
24.109582462160674
26.09627115022279
26.107492091470117
25.730240709500354
28.630549708675456
22.356555245828016
28.550309504194246
29.77352718559112
21.218927891738854
27.05604111094266
25.838967069769453
28.419865561017318
26.83220575083683
22.663870378615094
29.766167805414234
24.677283529123624
22.259127428778697
27.481009245859788
25.05439341624229
28.85367171459727
25.837944873620984
20.009009512347788
20.054470605734913
28.677335743682555
21.054227705343553
25.28048986507626
28.69621030410329
26.671363399678654
26.354523064574675
25.781778542231947
29.449212905967393
28.512717194660695
26.202146491296094
24.095301991233736
26.9724080574833
22.074951443343735
21.77026033378225
20.64839379003164
23.80808093498913
21.431457096180655
21.36034916561877
29.149117230714953
22.1599926277166
21.627724114687137
26.16882659053416
25.29882885730281
25.83375321879736
27.342329402202722
28.713370291615906
23.755420460474657
26.836322183949356
28.650671221560984
21.015985696094937
25.805603356371208
21.617904881685
20.597850294932556
27.88468794746697
26.414518022180925
21.870972251961796
23.565515127880445
23.966462396212258
26.926419923731203
25.170224688841543
20.618084497234634
27.449840752921915
28.518011027394714
25.834779021316976
29.947568955244904
28.244054618370885
24.749886613311485
28.131224846599064
24.510143977427536
29.403203383755738
28.879773106904054
21.0048383197398
21.43305912730926
24.13857076025583
24.61733845657651
29.807816377711887
26.883107550526837
22.532550931191007
20.078862555380354
28.219784088072743
26.151553006649294
25.445123519465458
27.54158923937966
23.392886067575844
26.1864461803105
23.858371308917718
