1.8196871584194318
1.5053998075116153
1.559180430975089
1.6948144193247632
1.4186480527868683
1.522989856244213
1.7203758473857886
1.6638959109098037
1.3045773786147532
1.70668325405037
1.499336157046864
1.7117168848351765
2.052648550961758
1.5222537806285772
1.3988825537420588
1.2381550869841538
1.4328002365192003
1.6948489745128024
1.3113087477420875
1.629120808891088
1.642214328382796
1.5916364768129119
1.769281837142882
1.4078131672854926
1.4647675718801254
1.2510422871301436
1.5628372209506602
1.9019097654908317
1.603266630482458
1.6571264970402435
1.2842343982669833
1.5367626182242782
1.5368117761426852
1.5414690596581104
1.34283737801746
1.2543848766482337
1.33193162335795
1.4997314001619138
1.1638242148955673
1.4660071068277456
1.4365523818343808
1.1407467100485884
1.3837076601096066
1.7587307878492795
1.534829705490297
1.6223066332212135
1.5719280466665766
1.478057304941218
1.2470297141090687
1.4944051373433942
1.4714743541925828
1.8423123570701396
1.51977729679732
1.5814421255888005
1.2126085283948511
1.5270969334735387
1.287305425274524
1.5320909390557707
1.567366861080201
1.2549911495265729
1.5363699599712737
1.6661841864493478
1.5617175719671579
1.6243981594425432
1.537813253764504
1.0781284700046592
1.4869133652859323
1.5500191736069986
1.286427285130622
1.1490888213601136
1.0296746953855014
1.6286041356912482
1.5287224859690038
1.4058315462208777
1.563140550281165
1.6383819640973973
1.4426487428197745
1.4405355194521825
1.394994467766371
1.3177173397444613
1.3507365454067792
1.6426582648169235
1.419470670994185
1.959348656614977
1.3551762902551767
1.8594918669560774
1.463706928157181
0.8208333770868422
1.234868120450396
1.787008633541916
1.4796403375040261
1.5782013669526862
1.5531170751355439
1.6096595451148337
1.4750084704467807
1.4155621565973604
1.4084872457969766
1.478438739023712
1.542193020775862
1.1970776620512305
1.5830042889980334
1.4425445169338513
1.40286557992389
1.4660887490629626
1.462935369270537
1.4159599695294973
1.4717582870322758
1.4418914151228843
1.3233554028623602
1.5622561907954315
1.7397754824914944
1.542849682076823
1.026100066815187
1.4808211548086239
1.5987271004698522
1.450735492679145
1.7097017102397478
1.870538383685124
1.4814369550949233
1.9325918831561033
1.5440354490396155
1.287670909252134
1.4031641136752102
1.2545126058366085
1.5387599156739293
1.5562409735546092
1.3584677114943458
1.3180258636879942
1.6460288958627043
1.1969768913315808
0.94585515806923
1.5991388328179135
1.1169123828684864
1.289377205269978
1.1811404930595806
1.655666896722403
1.6858799450082609
1.8692868397426985
1.1548424177299264
1.359975602359245
1.6265265534310118
1.4928440609859475
1.1369070934849783
1.8381779341230744
1.6035852040484306
1.4663676853195147
1.8007045366278078
1.040535665063612
1.3314534847146897
1.4408765873213363
1.8174408674187796
1.2216913458264933
1.377002695918107
1.3463203980312062
1.5331751086906573
1.2772109956801605
1.4193081277958226
1.345536370739697
1.1360179886508641
1.4283717567923648
1.1094657828750387
2.0297635580996913
1.315863511067169
1.6615420820723437
1.513727631857518
1.6791821676890075
1.7906132938172576
1.5499525224612183
1.5035820880621338
1.5981506983099698
1.6179151413289345
1.4504238929093392
1.4269328732269857
1.131481585442566
1.5783506045692886
1.554115098016032
1.1205619114034993
1.5121713907749819
1.3690496541870207
1.3932703057465383
1.5743780073725033
1.4389727080602324
1.5247773408894623
1.5801498645843897
1.4351107584344744
1.453196630411331
1.5557032716317503
1.388038424429649
1.754726202498766
1.2531189507013223
1.041204985392577
1.5070662934002592
1.400012686811197
1.491463675462478
1.5756926196244914
1.3894446104416707
1.7735989580472071
1.1009359743608729
1.712714669409187
1.6196863887709048
1.1145500918060074
1.6217286592107116
1.5113100442849932
0.9893321825883886
1.3712543946627431
1.4035202339379425
1.4954590085906387
1.3543567905244345
1.339224471852886
1.6414672715579282
1.36745266464772
1.4757111444163358
1.454660353122534
1.4605772260457686
1.2567632170818572
1.4387794198783022
1.234767189890849
1.0071622866128191
1.503511517476252
1.8432137233688892
1.4840352375888657
1.667822123812716
1.990889539752362
1.2689779760358857
1.3464243067987647
1.5553295273361425
1.506230422366018
1.292099948312806
1.2476030287181035
1.4162894644141137
1.9764843489069275
1.3962756905980003
1.3194036726372993
1.833885835764236
1.5046503355885898
1.7186612815362365
1.2459727618874343
1.6339680872964848
1.4677667990367103
1.7579171758931027
1.621566646907226
1.9050869280554479
1.3009075293100782
1.206781160074335
1.1547183544624704
1.4295192011919657
1.1754392107051133
1.6702039883979904
1.641228892922738
1.4883079369911896
1.9182349577348918
1.119538593985165
1.8653159324758026
1.3390595929285702
1.9389021137700941
1.4024963879789556
1.6179217277773765
1.8790816309585832
1.5945537179847704
1.474003892465016
1.594260584458974
1.1310953193583018
1.1548843259024193
1.8149830434442458
1.7990068986873213
1.2880557812662388
1.7233338498760973
1.9197268316983434
1.1716905738469645
0.832468268986884
1.4843502009673568
1.6766910871941256
1.369227296662812
1.4078290574813526
1.907338784806865
1.819697120194666
1.4218217536506779
1.8025565507828891
1.9129921559743537
1.1305289547914523
1.4924683166346453
1.6870632924850373
1.204806138017083
1.6084451909358624
1.357575792994225
1.5183016695665899
1.433975703528138
1.597213471105205
0.98284105090432
1.9216673202926269
1.3625499125284466
1.6783955277760045
1.3785453256922975
1.016787547135793
1.3881329276070888
1.3614280737426083
1.6100646891964796
1.8888919630678187
1.2641269722432458
1.6486730246112153
1.5745905341870903
1.2553602540466269
1.266157164907645
1.3988314346915798
1.2348576504273268
1.7206634595101633
1.4685782155778984
1.2512845688910579
1.4398298168533612
1.4660156453459923
1.4358483638573658
1.76159874935099
1.2809516405064207
1.3519181932923372
1.6227800085998858
1.5237695454888074
1.3607531863786742
1.6024170406522409
1.5264477008577415
1.2968351511568565
1.461718077378808
1.8369890774629114
1.785083240372547
1.9130167782777423
1.6466888015271217
1.4278391563495902
1.3721637615238211
2.0373004749425334
1.755211759626493
1.6029944852600881
1.542201887402341
1.868258250256083
1.559809649074716
1.7040626665120433
1.4614005832512194
1.7155693395403988
1.7539132112655285
1.3935265466536124
1.6118703372235546
1.5013386076008735
1.3156964597252228
1.4253179879203808
1.0876692167849884
1.3515471402703907
1.4021168922639906
1.3510375484079025
1.5240113964525872
1.3970817601800178
1.5311457267905912
1.0436840341945217
1.401369479618008
1.7566337036104192
1.6026228895952666
1.4665159292561005
1.4934022487127465
1.5403830459389076
2.0700309798898937
1.891147643050531
1.3102506596553147
1.7440312124966009
1.6509839031245794
1.52627096246264
1.7378315539155869
1.2696636225306317
1.399783775998763
1.606422310957266
1.463449903099334
1.7476900022089397
1.4594908478231519
1.2214321458276376
1.421004803601406
1.5711501943527917
1.7186723266100687
1.360384166274594
1.7221433534033583
1.5779471930987903
1.6033282944006104
1.6981328516470433
1.6391980213067399
1.2684840023783281
1.4157408423968676
1.0907132955889884
1.4763838269112004
1.7967180755214536
1.629073414596837
1.3119159190883865
1.3235378156792916
1.6322212842202763
1.1310468092632278
1.9953292727190357
1.3195391051859922
1.7101088955233141
1.5821356339213166
1.8118689547420508
1.656006429522351
1.848499350779371
1.4803103292258604
1.5198739773556498
1.3345905092333996
1.3910900153953474
1.5532204664446365
1.5552166026911485
1.1421240805016677
1.8700888917966867
1.8866784468652122
1.6464391192235732
1.8194315701493022
1.703948358085586
1.2714682674305202
1.4326880983429096
1.6489232656975923
1.2990175883981894
1.7163413692005292
1.9300934878620257
1.2425245254189445
1.308282756608774
1.3488763214494326
1.7484324623441252
1.28906353583508
1.8368940661799524
1.5139587579131317
1.7705085708662276
1.3349596511673534
1.4623505981431815
1.5163978783284924
1.5259351927500913
1.580424792374421
1.2060877189957906
1.2341376254693845
1.5148326442427096
1.8560413727132117
1.538517708032536
1.3925760158899763
1.7472621794270762
1.8148128197519058
1.7851404153976518
1.332725153619902
1.3433057688554104
1.4682270982132044
1.5079602797956406
1.3203590754074181
1.3294790844398325
1.3781556019846586
1.5246825953326808
1.6873152790826333
1.809312666981516
1.8957302409875763
1.5788175107047884
1.2757660876286367
1.478504707061228
1.4496573420663332
1.7964297057816974
1.6022797556530468
1.7174376476461766
1.4370251040209279
1.3886566707287409
1.2445530460322605
1.374132801634766
1.6096828465536004
1.6794733099640695
1.3478201718183138
1.23172780915665
1.7638353121500299
0.9727742191599626
1.5598796189984927
1.4368989404330252
1.7465922147360187
1.4969131375689866
1.6160850282656578
1.5723538316609618
1.5039579814797468
1.6012267652104062
1.1813653582991863
1.3382550584969728
1.444003223721854
1.350612609893566
1.585691539882817
1.9555387014839298
1.5893973822593994
1.6507958490693728
1.355053101873016
1.4774791509451672
1.5393164054050608
1.2744674136822778
1.582410109878739
1.5614090787671395
1.624945639871968
1.2828938417635813
1.9158238325160828
1.537887277970262
1.3942124986298015
1.5085877678995376
1.8698500383731127
1.5142392190533893
1.478207808313601
1.603117873867362
1.2569479974913536
1.8774581145343057
1.8460679076364688
1.5605936950158863
1.413159262566735
1.407935080523345
1.4418959124547288
1.7802808038607432
1.6192249710381152
1.6494247383990932
1.3091708854336224
1.478836270090612
1.4277812227709794
1.2926342945850204
1.2571369147620537
1.1820149966570659
1.7377823224290043
1.851636908210975
1.42869369419482
1.6016017428276088
1.3983652067096801
1.3219183235160101
1.4959324481431673
1.4035692878209856
1.9220760662697942
1.320003962439213
1.4863783392662004
1.2233426753586212
1.4534087892279333
1.6753140628905892
1.5656487965178836
1.3378706695811837
1.6264802752385983
1.5594679591261666
1.379144320828888
1.678620409595466
1.5534894066785512
1.32240132543683
1.7126810079574328
1.9530283418047802
1.2460859441842278
1.4563954661138707
1.5457375578250303
1.3333626217070114
1.7439690284872045
1.6494710824254846
1.8357837975798301
1.5384973163775209
1.3323436699577718
1.352716270841415
1.43645259595644
1.5646374211735028
1.9142068593919814
1.7126694218607703
1.7877654669804062
1.571668817014014
1.043011458861456
1.185992049113894
1.3736195333171188
1.2642904890731999
1.1796729133792863
1.5334376992867755
1.305601715294497
2.0765909864297694
1.4309045731473804
2.479385508619006
1.6608116668305803
1.7082075196355604
1.1768789819244265
1.6715286992418883
1.7214603835314575
1.8686185710864784
1.2725021224800688
1.519984430163348
1.635087785946157
1.307258587843224
1.539742420419744
1.1634934080697434
1.7600780871286874
1.3568053534442037
1.627543532106253
1.6668887310650524
1.7700964977014435
1.4709161904608299
1.704847951973719
1.591453276164823
1.5444973500134465
1.608889452986105
1.9280155767112794
1.7658413662607302
1.4571920467571722
1.7659460393632989
1.152784725155537
1.3192956658585482
1.6473518360136552
1.434567709917542
1.2291516530094675
1.8639828530556677
1.5373628747257522
1.7534366761960587
1.334421132246184
0.901189877373007
2.12162345645289
1.4024072197778767
1.4264252275648235
1.510270587943305
1.4060523985322624
1.2380458641516108
1.1784352660416206
1.8550471380175326
1.7472488505504766
1.7520652113383821
1.6027419794113726
1.3159666841485753
1.3115002984541484
1.518226110514614
1.7369095955690903
1.2720170643002846
1.1550649313648917
1.53036166709213
1.4547378704883025
1.3672039861778311
1.354696172219467
1.8177629054287903
1.0187888896048392
1.6657667638245988
1.1489899912545385
1.493336568711579
1.6489657779942832
2.1121564674981914
1.6159312137165247
1.535855421063261
1.8634261092964457
2.0668295677227837
1.5618734089808175
1.8075754323491209
1.532822882225356
1.6285201032947159
1.817601458928256
1.3017347017939958
1.6896867528260386
1.7991617272302398
1.814647178825951
1.2514329774291302
1.4242685569209546
1.637456689938145
1.6075765023927235
1.3722967693102948
1.4126214714073186
1.4127719677519737
1.7706249448093927
1.7887331149516044
1.4629404783949587
2.0664459103166433
1.318913116185777
1.3949750055321193
1.475954056390973
1.389614578018848
1.6516812727915078
1.454448415906226
1.1446719121750224
1.3692824142891191
1.5926497239368338
1.2543085138343106
1.1444599698930022
1.5037910834047234
1.499791761545667
1.7523857424307843
1.5040815124193325
1.4821800937956997
1.0677899729552294
1.4497170587300812
1.6823153603201508
1.4481519225347523
1.4901730787898944
1.5385592642802497
1.4789093378389748
1.5778636802817558
1.6603720722822732
1.3775413916697523
1.5132802386173283
1.8239730024186633
1.7775076927139426
1.473101844873393
1.2449286269157418
1.3954478943663173
1.4830741287266225
1.7048041185458245
1.2705495111963898
1.266520829798099
1.2721333027503143
1.2518053783638519
1.4132030071525776
1.1476867848908021
1.8819661518345507
1.2315143772329429
1.688787328615469
1.50986928310751
1.702779650441636
1.6437067316705505
1.5477820877024104
1.1954811559855274
1.414790052999659
1.5056356752752118
1.519335494112924
1.1372314324014428
1.3238534989351907
1.1657751354109847
1.503996735943204
1.3713803612023265
1.5386792491762835
1.3542039630126208
1.8014781447710162
1.8739686498638668
1.5973322019223044
1.6981117954074814
1.4443686793272033
1.5479040006164266
1.7299420182245064
1.399175311116304
0.9326633740457015
1.367403120537748
1.8435467863324722
1.4563630475978309
1.275306192802156
1.5447547024922423
1.3746900594929778
1.7240178629131573
1.5056200240254771
1.4360816988677583
1.718576488960472
1.6176869900047808
1.7327560355870968
1.633436231333248
1.6923709820819777
1.4154762272637367
1.4274333743342411
1.1370625756691566
1.6539233074334903
1.3813669159393105
1.8180855528478101
1.3290334941159612
1.5892142353303986
1.4275935706908816
1.5510962918063202
1.5314665085390173
1.7212169483168398
1.556826533407536
1.5934663225328884
1.1528459036255316
1.1808351327700626
1.4943319219022106
1.3671360192874815
1.087434928352212
1.6777338426481816
2.089881435291863
1.7954662273882898
1.5707513105461466
1.4067225931143608
1.8195722002000398
1.3315595285612574
1.5414581891459707
1.7202171292269894
1.3325419476544769
1.4631189268807454
1.4090477337642617
1.63363621308594
1.3954821040212584
1.4024721356864718
1.4394478661829524
1.553612989143868
1.2820103413750432
1.410348221939365
1.610929444018077
1.0529668232469809
1.945494755441746
1.8319488882524873
1.134777457889785
1.5648100103726441
1.282109723149048
1.6597481713925881
1.658902732508592
1.6679850041568698
1.5691584128358014
1.4310077241429686
1.270570071826992
1.7380899184124279
1.5891603749979437
1.5204972911549754
1.3747554488497002
1.5324879035896264
1.5078109646329008
1.3722495351756883
1.3280341750063278
1.8819073314931338
1.287348169508756
1.5630229987256026
1.1926879046524324
2.092663578425649
1.618312340994895
1.6783157270377105
1.876734836067464
1.595983102729492
1.4618917201991743
1.4542200903431837
1.802314496217553
1.6986855369153488
1.5030204479856353
1.4892059417918821
1.3281295910096105
0.949751080136598
1.5864370828334304
1.283228264671435
1.5241856816596802
1.4935508786427454
1.3826679549649188
1.1088884913360721
1.440182030153996
1.52879439355111
1.5298136855481546
1.3588211797301784
1.4378136135745059
1.4876543316906887
1.5728199411048556
1.1795534489628916
1.4141693362618777
1.7763742249616774
1.6206008045630984
1.6043906859851895
1.3608592323223976
1.341225089409871
1.081391923830805
1.3440034811105988
1.4592483052876561
1.4519010575121758
1.2368204606118984
1.1549993939890282
1.5137301780680317
1.6216159977779117
1.5442331737167772
1.4685970628893887
1.4158312738042613
1.5586530804095333
1.695486334903538
1.415694374425886
1.855692293224035
1.0768812667038978
1.6414689399611442
1.449722543721879
1.8789332403171612
1.4727515153234403
1.7613282201459595
1.3361158108528575
1.394483435957835
1.7293195251744187
1.5254347795133336
1.718079045783651
1.4306653792690438
1.7013114425050566
1.5339455196580734
1.7474445136613466
1.6779339591268798
1.8166843926402392
1.3676448748817878
1.1159046348488875
1.4573565240202913
1.1993629573352431
1.533238949666389
1.519604703111013
1.3879311351794161
1.699075083834411
1.81036116159181
1.425207423812107
1.474877717108146
1.478514729836112
1.693761664170781
1.7705962266155932
1.372230975900137
1.4319628724178721
1.5022379193945348
1.6677226082682426
1.2002479984009675
1.2248096385606186
1.7351161160126434
1.544380153496736
1.494205183343443
1.068094406791114
1.5907149764664799
1.340225021077237
1.820593942823205
1.44403206610217
1.311448067910836
1.0617709354567528
1.3272714696329424
1.650119305708262
1.6403517533980407
1.5119659427990293
1.3832461912315037
1.9021364342724347
1.552684626997088
1.7321525897017294
1.66846189883504
1.6341183025093322
1.2964484120532171
1.172519660010482
1.2609082325944245
2.11417941359485
2.042023412308977
1.2856469259059666
1.3482996623555468
1.8705181692816417
1.3978976065868247
1.7076760599227956
1.5337153486691228
1.7488992238352543
1.2649325191165277
1.4683127460115877
1.8076907649439586
1.6030693018038429
1.3484337359140035
1.5188275119689152
1.5673244593507862
1.766668803075263
1.0876962505089436
1.3666189759406986
1.2563295506782706
1.2977015409775932
1.2209041668295424
1.4974957061462069
1.319350056903596
1.5728010523975713
1.437789936157737
1.1486753027750114
1.9283796272936038
1.2191290642797012
1.1776604535856048
1.6304481483118822
1.5749942240574777
1.319447586391422
1.7597563402982035
1.3416293801335222
1.4843527781139205
1.6779681297995048
1.2041332676145358
1.4536898662159414
1.6533781604399476
1.6560087425329861
1.4818955147879034
1.663658603729857
1.1319136565542505
1.7477986298319717
1.749503600776885
1.7199421750844097
1.5781735728422404
1.3766676507141355
1.4687790731135653
1.6250378607814089
1.3813211709052702
1.498039339749967
1.3558584653918073
1.379711898841159
1.8901683057152172
1.3274855537251309
1.2508501582641443
1.3043289258674273
1.1852116415932963
1.5868830550266764
1.3327884510360957
2.1499376671958146
1.3264157026359866
0.9254243347547084
0.9736261227468656
1.6379655572852223
1.3926205574479058
1.667717050936318
1.5956906989732318
1.4162449343904182
1.5809078854335774
1.242006360780805
1.3079473308039693
1.6638175797827537
1.4161792375132782
1.4994732519956995
1.3444349587658952
1.4616362267880536
1.7099812813717046
1.4416839758007882
1.111020420705441
1.521842519527111
1.0770421023837027
1.2079450073511175
1.6493337241774169
1.615016596157519
1.5032844037527777
1.2516786083856086
1.6898926373304388
1.274374150732408
1.617731197344627
1.283171875589205
1.1326110899740638
1.4161265513641141
1.5915143238754568
1.112811474411763
1.3063567529439775
