0.3162899189628268
0.308621491099226
0.31116555295720366
0.3874863853213948
0.32297547632763773
0.37444730015808947
0.3530313320551232
0.33106937443886536
0.38410682557969733
0.3500219494530002
0.384935201650593
0.30828439320729695
0.3149785996830051
0.3763725502864702
0.341127428814042
0.3679172235017811
0.34366135880468185
0.33689975997266225
0.30994347469547345
0.39925134584862865
0.3385968218145241
0.39109894671729023
0.3683482540166233
0.30300684185712745
0.34596693327161093
0.3763853501199712
0.3150417871991055
0.3318124040260141
0.33139017490278727
0.3605945522455372
0.3645924454811248
0.32442757813477624
0.3764412669965053
0.3687700506083962
0.3421520735258649
0.34793345034698814
0.3107305862460584
0.32652767702010194
0.31791937636340617
0.32359581043169106
0.3210995886712986
0.39894979465130764
0.3341666901117383
0.34010212483743896
0.3790082969379928
0.3072463184850834
0.31550987599989677
0.3514191024977281
0.30341798269083675
0.3388744076857347
0.37471094702634994
0.3962396276819491
0.3710135866814153
0.34021247777425295
0.36526165393814203
0.35103490744307037
0.37982036970850097
0.3857817363494593
0.39445499967611564
0.3574029686184976
0.37027515469191064
0.3863173058509854
0.3619337830182143
0.33820069107357936
0.37199293972803404
0.36647358059129387
0.31422160354913925
0.322316287590187
0.3101766934377595
0.302934434110367
0.34257881574016347
0.38325923443712984
0.3275587400728399
0.3163504972031278
0.34587677660948557
0.3356410442215258
0.34644196795110654
0.32536716600442084
0.35822081096304487
0.309409859282131
0.3969781411867753
0.3020900523682802
0.30260078846762783
0.3092592258583492
0.39541038143345253
0.31893404083823024
0.3327836799657614
0.31898504226181423
0.39237944306162204
0.3540659461863284
0.36723283177089666
0.30039946675588297
0.36555069469913665
0.39208371824169785
0.39154944607782116
0.31001646725771115
0.305587036700522
0.3637558227368719
0.3700922439588785
0.3330389904371174
0.3651204342152208
0.37021985645331335
0.31654029176053206
0.34529569002712457
0.33247900758668175
0.3060389095962978
0.30868521796246706
0.32836714161591074
0.315993815797781
0.378526028809399
0.3882183013111628
0.36192170801039836
0.393287202572563
0.37546760005871266
0.30911843677463924
0.3584574431539923
0.3156030780482655
0.33835596121104566
0.32476630761892367
0.3016713096611889
0.39190153032015573
0.3319257429876251
0.3570109866987532
0.3229433906468817
0.34279771791942576
0.31254760086462385
0.32296355002606764
0.335991455385863
0.33350429311831764
0.31425735945464217
0.36160513418925067
0.39847277963257055
0.3859110814989355
0.3706938592856233
0.39856548676399
0.34149704697894306
0.3492789523452001
0.3634154899019281
0.35244830949024647
0.3894932123690905
0.33553747794709915
0.30112470545668923
0.38128604950287615
0.3411577362651579
0.32789934268070603
0.3377776640087633
0.36576336875073545
0.3616152202105656
0.31715991323256887
0.39490546030481355
0.30085803916151643
0.3904434156147084
0.31030427501672936
0.31560733592814005
0.3799714707744312
0.36320645551931097
0.3244376651239003
0.3065721129096381
0.3298446966753405
0.3744565684869821
0.3555912169904736
0.36049591670175063
0.3134213029405093
0.3470534588008557
0.3486554937744444
0.31711742899937206
0.34762319342884296
0.3601219839724894
0.39918019470693655
0.34431013241138453
0.3657832296478324
0.30718598052270185
0.31551026641213914
0.3864671051263423
0.39204973288583594
0.36497054435010523
0.3413256197498116
0.3008940099729407
0.3225455019566993
0.3876414294439051
0.38782906614851
0.3378611201594438
0.36201153577198864
0.375864376770424
0.30824382315824866
0.33595931713226895
0.30104602129082186
0.39297330617328474
0.3791302098591214
0.3072979609036811
0.3457590668402846
0.37361558800976835
0.33136016780262173
0.39859162000465753
0.3286668991151159
0.3657525360384395
0.35810225036315585
0.3439322081087346
0.3236561626408911
0.3451130238466794
0.30866585345170666
0.32876170726981147
0.39727037462560744
0.3176525288014335
0.32011520468104027
0.31587352623447956
0.3048282593335553
0.30920806953244545
0.3471770295034269
0.3021444579407422
0.33331725133541007
0.3607120664962279
0.3142086894663779
0.3520086168152936
0.331751956415361
0.30067110761744154
0.32126890655069107
0.34140340829559424
0.3522282591483665
0.326813459712083
0.3111838047244871
0.37539748590124866
0.3611248045969686
0.3184250117780846
0.36646986930601033
0.34550050888313455
0.3530484138150586
0.3794975013591374
0.3712569436050864
0.37135465200506773
0.3460858940861907
0.3281102389992408
0.3616283009680946
0.3369815221080684
0.34847391635255
0.3980707995941923
0.31665751675682297
0.3230074522296271
0.35067612971808515
0.36987558835279355
0.3452943565002484
0.3713261013498803
0.3645679081785643
0.36586631504367395
0.317261488118075
0.3847764357563645
0.36901353095660167
0.30708375467546123
0.31588188427374664
0.37056192405713745
0.3375235745257633
0.3192720945360643
0.329778773390301
0.3488008964660858
0.3001525421602674
0.3268789164419451
0.3359562370518884
0.37645092763536087
0.31142300325070355
0.33946674370903374
0.3392347863112562
0.35229844437596214
0.30315205996044087
0.33794591749294617
0.36854391176492296
0.39903172859690816
0.31394687202691796
0.3660977864798596
0.396247581102089
0.34436428074748465
0.37144804130145
0.36731626282168583
0.3986151766342937
0.3605118394145622
0.3067393254873046
0.3378774576487086
0.32429008153595357
0.3656218843138152
0.3419800815316433
0.3996787335387016
0.3108578008744659
0.39775640262334455
0.3944546059075673
0.35798967918661206
0.34103251934055206
0.38726522624539145
0.3334971420953774
0.3036926478702991
0.3929989084055694
0.3934508792343726
0.31863198288557515
0.30840430482886727
0.36469073741227326
0.30582627802893114
0.3978455316945524
0.3816584959281786
0.37998816133126306
0.371253802747802
0.3316736274005094
0.3163031790624131
0.3024001221101642
0.3863578348716434
0.37811753720569674
0.3519973322630515
0.3669236576550751
0.311130856080522
0.3481137211797524
0.37238449179523975
0.341932403048701
0.35826341282083846
0.3888500933156873
0.339060447675929
0.33219368585935166
0.3398483577944455
0.3766463261243216
0.38028701731246634
0.37426100366539755
0.3142210962530281
0.3154878145196627
0.38283741134795407
0.3460823085724043
0.3308704812485243
0.3143084841920716
0.3420076876823324
0.3239858771507101
0.3704102486837974
0.3962068954638574
0.30200953215296056
0.34531656761709106
0.32194948206200225
0.3035043804591398
0.33104286502930347
0.3428041394314338
0.36071320815636565
0.3238330786584061
0.31955813365252106
0.31912580644112115
0.3240098779976088
0.3563132963662515
0.3095490107105054
0.3900708528347874
0.3855813259164382
0.3109229667237794
0.3777369551657184
0.3389293301059255
0.331223863169657
0.3594847708353859
0.3544646368038521
0.37120428426487195
0.3073830511279521
0.3995824966679111
0.3632907197210096
0.3261964383785451
0.3734442668238067
0.37245169997964295
0.3091978097190538
0.39336020684251466
0.3382504535276792
0.37855792124638044
0.3666165862912573
0.3779891994815748
0.3188102030760175
0.34183134614237326
0.34576832840703753
0.36968281909907363
0.3732918330543308
0.3516165554419237
0.3602993673629797
0.31354748310493324
0.35600772045117746
0.3069471532508949
0.36530795789744747
0.3314319459268396
0.3398985258284119
0.38010672262833
0.3161058265547405
0.3846154463348155
0.32669681550577234
0.33587067398371423
0.3552806817924628
0.3382962229800907
0.3113483218782535
0.34899710427150815
0.336431077930996
0.321334259204512
0.33465960707985054
0.31359588504952873
0.3708480269941635
0.32667044672835893
0.34800575799608113
0.38941634311442513
0.37554437980401245
0.3437563368186286
0.3090567620158719
0.356040574449434
0.31580676956583814
0.3065274523610852
0.36846072734833446
0.33219740630159234
0.3817222418983674
0.3891940624647047
0.34089017978960684
0.31256621937819457
0.317817076860591
0.36613719139288725
0.3929437834608478
0.37376751497919647
0.3084402291118761
0.3846522002020159
0.32501143701371965
0.3804405506679085
0.35189574410774077
0.36579895986021527
0.30738785376094935
0.33414892476871044
0.3328860443298478
0.3420207511423127
0.358977604432448
0.32328652226263016
0.38961092433236894
0.34475614086112394
0.3786711246602826
0.39532653973128296
0.335338933867301
0.392806776476069
0.3028035535432959
0.3073709689358632
0.34103749602304084
0.35433349460311825
0.3382640892815804
0.3640269068298435
0.33268201076505527
0.30190747788303945
0.30341156716425427
0.39709029667788315
0.3612228111668757
0.3298487882779975
0.38364093269614274
0.3341588058962756
0.39593284091990033
0.33677653527952545
0.35106568515818626
0.333947584549824
0.31691174330090477
0.35137584016099954
0.346204151866352
0.33516738944940166
0.39421148234532677
0.3596558220512846
0.3153586431437329
0.35742304192057056
0.37486597411362843
0.3601831341808825
0.3380341674868851
0.3010417785763472
0.35697660841181156
0.34808344814863706
0.3545307812526625
0.38447740392612795
0.3170877342508501
0.33162761836684623
0.31296762631508107
0.3158640904904273
0.3714927680693887
0.3585511466091087
0.32658243738655174
0.37531291177551035
0.3738409990028837
0.36116152310934296
0.36810760787745805
0.34548260028593647
0.3416908022961134
0.3704510836121173
0.3520005271752318
0.30682271739973443
0.38638292107394767
0.39303018791442107
0.3679331038271969
0.36608356366548334
0.39624200600054493
0.36344429482927065
0.3758851917711168
0.3483512997378843
0.3827334039281163
0.332973649247676
0.33142853812341955
0.33251898006448044
0.3215232289495593
0.36813745576718726
0.3159628945182893
0.3259075655460728
0.34260616878755057
0.37594366922036615
0.39624665908934
0.30503556619646555
0.3477969287555617
0.36378685531095695
0.34841351418452
0.35066582562033843
0.38635825407213137
0.33772396607868804
0.38471533410407593
0.34928277047574907
0.38426193114160556
0.36081735446455765
0.3526257946834213
0.3312918586512686
0.31016744564352167
0.3159850191019904
0.376964244032577
0.34812683194116684
0.3131866918058907
0.3929769827652833
0.340980901403812
0.3731974859670458
0.31641547934434144
0.3675618800672431
0.37981368450908504
0.34524268296910243
0.34116773565190744
0.3578407393990609
0.3834570191921683
0.3533571141218713
0.33612036530769407
0.33935395669013196
0.3783531952394422
0.3501943887605536
0.32865879258639835
0.35289659170754595
0.33903112122399415
0.33406640865256565
0.39199611017770203
0.34236772562046763
0.3370333389183367
0.30579200805161666
0.3785080304330276
0.32320220336086486
0.33951627239585297
0.3390869463747844
0.31700445352978646
0.3466896619045372
0.37858494790171204
0.3058834129516667
0.31185164436655116
0.32935334947031436
0.3720226906376644
0.3819619522018037
0.31379974873627553
0.3001928122993759
0.3259098833450088
0.3105841063144814
0.3683518157142719
0.32765762583873004
0.3709771326694905
0.37085289086545425
0.31926873560637703
0.35035528612330313
0.3664095371812618
0.3893827963055443
0.36362682923284373
0.33207044873986813
0.3869622696728677
0.3451671257157101
0.3322800661601501
0.35558191557703456
0.3786508259570557
0.3970839341374861
0.31862805435692326
0.3779645371690191
0.3574176282213686
0.32922827931406257
0.3380865144630299
0.3768241454613504
0.3399414749028182
0.33189910390793065
0.35326015242674974
0.3496378898128776
0.302638891688375
0.3699523130741443
0.3308437422574124
0.34669774739806636
0.3477661042700277
0.385074271084243
0.32669448093296866
0.36529425806345256
0.34138619877947085
0.3424833080441475
0.3393623299064515
0.3855908517682463
0.3948957961447755
0.32633429203734027
0.366797522318481
0.3252633626147471
0.3431570283689609
0.3254682456952978
0.3997991559658992
0.31113464765782983
0.31202595273862277
0.3514051012795968
0.3533472155944457
0.3651107505440875
0.32559783567176454
0.3366830637167954
0.3875778946388252
0.38722786214602384
0.3409090185907027
0.39686532399875696
0.3644594412105352
0.39146985847458093
0.3433477618346119
0.32550453484517305
0.38589551772695474
0.34145708791206353
0.3771808809561716
0.31496368258251456
0.33945456558954773
0.3096927813453188
0.3910833530393514
0.3743643982510573
0.34285657144590337
0.3810513661246302
0.3861419141565161
0.3263055480807648
0.3171695614579385
0.31847043296359406
0.3358871210085902
0.3718932548591386
0.3713519497216124
0.3599522928998831
0.3355417012965622
0.3098971789296173
0.38412660041663016
0.3979196563721543
0.39049276521426357
0.38168232926702333
0.32757199239639506
0.3897998416524052
0.37646490005085465
0.33123631288355265
0.3136650326649864
0.3138256817966211
0.3561474082711629
0.3488624152992886
0.3324962855013674
0.30690664115989874
0.3763466631708485
0.3880586165040433
0.34009072040356
0.3769455308410738
0.3182638380412864
0.34282049107881085
0.3535106530027361
0.3096977336955417
0.37505429338460683
0.30137654053995927
0.3942898695661939
0.32037213734466824
0.37631047160653275
0.3833818643179183
0.3274418455887473
0.37966802651252024
0.31782207236063975
0.38933449245746937
0.34550786128722827
0.3799107474701173
0.3492245925023958
0.33675155607242185
0.30687810349128014
0.3346713429807386
0.320446921263863
0.30426882067613475
0.36369046660223636
0.3906808470789995
0.3153410969971528
0.30642725893393163
0.3670124307868193
0.3410642038833329
0.36153783825641533
0.3563818972475135
0.3833172322899251
0.329952123571048
0.32871846495236595
0.39623874043177476
0.34612482278586376
0.3556979920685576
0.3671134151247784
0.39447506671528876
0.34870948756661696
0.39003962422697275
0.30746836729233884
0.3608055637974641
0.3773954058031891
0.3085957381326491
0.3340258546326721
0.33182556172861494
0.31189248048870055
0.31439385744780046
0.32299885367654546
0.39158235811563524
0.33621540236054875
0.3118400688600511
0.3647931381589983
0.3549511528155339
0.3407998227775001
0.35431308528072436
0.3487800009216555
0.3508543619309702
0.39776545540503583
0.3849700885423902
0.38007999686011057
0.3671121770846365
0.35524114662694417
0.35411803876802667
0.3684446391194023
0.34262866650513263
0.36457333172728623
0.3655520694290322
0.3307947782834566
0.37525637315970367
0.37967204531252535
0.3314881768307903
0.3504613428602405
0.3226812920092779
0.3476305583304671
0.39607453486536864
0.3349388138331304
0.3271292551002729
0.3448491085249001
0.39359584355892707
0.3533385657654415
0.32954817098671274
0.37915975244393596
0.33129593892540926
0.35438344385948567
0.37776740051186014
0.31677759406278067
0.3447276532798101
0.3744509944895407
0.3929116048810063
0.3187711873875367
0.3806433458347934
0.32783609606877673
0.38598740231445805
0.37743441584776477
0.3676747296094193
0.3905085141327393
0.33616700541481354
0.32750788965492217
0.38555169370877146
0.3533760565314506
0.3502527543387991
0.33967824735376
0.342436391548236
0.32069202417689896
0.3796909007753928
0.35710446362536513
0.3891851813072266
0.37056479796560854
0.3246425735657544
0.3443787384032932
0.30975088117007593
0.36839600748649987
0.3622312059276613
0.3892877225125062
0.3041773464052943
0.39748311960601423
0.33528290576718356
0.3605280900326906
0.30339957079820923
0.38538298432943435
0.3035473242039472
0.39690183050322414
0.35761926160619656
0.3815690031353286
0.39076348768730274
0.3259171259839473
0.31979641815096216
0.39368411435426276
0.3839796135964321
0.35130811142894736
0.3576455834412224
0.3543792210932447
0.3182004681121122
0.3359836239025598
0.3097807536968641
0.31989276700508096
0.33648972950452366
0.3336431006112189
0.32402938620132576
0.34326968882587905
0.3836564452366703
0.32376859975887773
0.3793954216464172
0.31486151329130624
0.3369107391128904
0.3280853844031234
0.39612157698164263
0.38121952712001933
0.39096833691011834
0.35310844608721786
0.34172431152043187
0.32069128924120005
0.36972042121688276
0.32862743306894837
0.3442155093982592
0.3857982805822805
0.33351221036636375
0.3555535596720981
0.3347892373999766
0.32665673556403263
0.3202824742365563
0.325307345680828
0.3716915756688799
0.3996444755690729
0.3229009182231982
0.30325146103759415
0.3249115002340334
0.39822124956452837
0.32873949502492444
0.3926732018601628
0.378196091759331
0.3212021474169214
0.39166695178657523
0.3798875192963705
0.3230092795042119
0.3667790197350843
0.3281942416865946
0.37187403608186004
0.36971454245380064
0.31685119386503535
0.3970771538784461
0.3534955167441985
0.37130102733632736
0.33753236687774835
0.3079204650743954
0.3372999628244741
0.3986103978385467
0.3662055821406671
0.3324474314273524
0.36255498242098533
0.38090531055033516
0.3848944004908242
0.3793797482331959
0.3930971580817326
0.329691853115608
0.3035971871928059
0.3368307909309044
0.38535269966602037
0.3532183076258846
0.32517502814838145
0.3884018430924732
0.3037055546646787
0.3709930093793741
0.3863705834506529
0.37255209156790875
0.3804464908388686
0.3240136346667231
0.31518366871830883
0.3157618372706765
0.3232760837719798
0.3145766627631336
0.3256186637131781
0.36674241483643977
0.3833900027070456
0.3247157746725732
0.39387546304349774
0.30148289429168945
0.3804873674055428
0.376820921528536
0.3980478964227695
0.378174488154267
0.3442860569590258
0.3433542833741868
0.3574211661089267
0.38377901640685275
0.37462233791387
0.3266249904742939
0.3312541842148486
0.37021816685668374
0.3155864933328285
0.344437046636647
0.30659276723925877
0.350287955357541
0.32050384634974033
0.3514051214963215
0.3763589671840162
0.35862038521857675
0.334576008929293
0.37241687911132587
0.33804303522634666
0.3286777071055663
0.33511286806640134
0.3328771862667025
0.3787148062212098
0.3926583062221568
0.3573433000042304
0.3633250697738035
0.3137659503213997
0.3322159607212014
0.3017810892757133
0.3787135976111691
0.3124900589975677
0.38252810735171155
0.3383396064204759
0.3021181429103228
0.3311369796344917
0.3304617805900023
0.3213575905002879
0.34480932821208193
0.3030667270073848
0.3014924699379401
0.32233579124336537
0.37235805596738997
0.3504566262436188
0.35546177058940054
0.36655539317406083
0.3751228755239747
0.3138789333729537
0.371923358043134
0.33907969334312865
0.31180886139442887
0.385559825570671
0.32268002975795046
0.34306764870730455
0.3519904602692355
0.3893282008036555
0.34276670668278325
0.35225968093701954
0.392143467434414
0.3863058392772643
0.33401936090182605
0.3146721560465707
0.3187059363903321
0.3952882596915343
0.3985334821520131
0.30382129211661796
0.39005238018891936
0.31307056667684197
0.3930791983991483
0.36096415728892384
0.33285435409163366
0.3949420107974041
0.3840000167545921
0.349456698164523
0.3934452250895582
0.32757857696620524
0.35522668239711164
0.3596655944082887
0.35334364450382566
0.3381194405434918
0.35062590799211113
0.3532628751662421
0.3393945835524325
0.37595512168968026
0.3520491756349325
0.35179132845729977
0.3456345371043497
0.31309264237685214
0.38475586436722903
0.31189232154068897
0.3332517545699269
0.3802413711653696
0.3485216067414028
0.3907351573645009
0.30413651894817184
0.3373526260179954
0.31092074884815757
0.30237912393259675
0.3589395721813756
0.30096044447444736
0.3672477979188785
0.389882846458588
0.37217795243207147
0.3688782854330552
0.3191392707671043
0.33324519014407805
0.39715167305240384
0.3206949645806182
0.390231737706793
0.38897138886817123
0.3333557688841258
0.3412730352300167
0.3264060757564496
0.37388075308983504
0.3648721174985906
0.33329876352441745
0.3404330646883752
0.38521030414069113
0.3384117855037582
0.35251557314815185
0.3257233324565213
0.3783406444776147
0.30602708584815763
0.38518219717225344
0.38904533020201476
0.3722966784626697
0.32989198914522105
0.3355894523699741
0.3890946849650685
0.31500514042032846
