0.4182120697463034
0.5066141156159183
0.49404710629522247
0.5409863321113502
0.4323531135327685
0.5021225304800517
0.4976878469807954
0.4645159316650641
0.45683880434114915
0.37593166869168504
0.48988445447410944
0.3410715358045357
0.4408920951958551
0.43930810269460363
0.4429073107620437
0.3739410887774043
0.38673181046989946
0.48403519059462174
0.3762373956010232
0.42840421631732284
0.49251460280594633
0.4456593991511328
0.4322130852264894
0.47243824580362953
0.5388405468127153
0.4013099729960308
0.4671269973806131
0.4700520739883435
0.4695183423356158
0.47693860305008645
0.4602958626117743
0.5876702988576875
0.47701890327166585
0.42475623289994496
0.4755821502805244
0.4419846097666327
0.49451506428505976
0.41150027367972436
0.42964776399760474
0.440311199351638
0.4362662323545913
0.41826604993598115
0.43969855548244047
0.43775501990968857
0.4079214829389269
0.433640201682181
0.43863675400420277
0.5134946619535503
0.40050718088716053
0.4587403725149207
0.40841648243733525
0.4700726174214494
0.28574089373411926
0.4843116551957268
0.48571016812533746
0.419048071541515
0.4931100067522067
0.4343272642568198
0.438415139530119
0.4555436435221544
0.5211201192613181
0.5384505852457628
0.47677130883696983
0.4794167008669609
0.3958784118691461
0.49185731652483344
0.50130262012102
0.5495073300900166
0.49089902031356863
0.3676392104495307
0.4971685611374088
0.4811391337578333
0.34543489412274975
0.46962725831779495
0.40482573974459307
0.44888814025782975
0.46224680725339246
0.477539202489847
0.4559456166345221
0.4226742095631013
0.46343212492757296
0.3644974765454363
0.5048974851300093
0.43092975379734877
0.4406564631703795
0.4556113828532167
0.41294967442560454
0.43347017123435605
0.5009798938212924
0.42358589224211846
0.4470487082529823
0.42297122607572296
0.4466123952251656
0.5202111696068135
0.4190698971481008
0.4589368626469994
0.47280689519100855
0.535534199525216
0.4803749223885566
0.49935433565018544
0.46572358476887415
0.36493188841300894
0.44458838083441876
0.38588440951709113
0.4511443613355581
0.36878976845720485
0.4520658414755515
0.42726132858718224
0.49392167851991503
0.4524545709193129
0.4165805778283468
0.4731595222564444
0.3722901646103878
0.45504597480674125
0.4373743901797983
0.4747055789691261
0.42878349284098044
0.41239453956547467
0.4315439200220156
0.44997710849917877
0.4684479101829429
0.5168890284754233
0.4865867887718097
0.36325008062087155
0.4158265513503618
0.42009298319121824
0.49219117641388643
0.39629425155429115
0.5145328654389015
0.45399403278758155
0.4311387475668275
0.43202519058127975
0.43270967795220405
0.3469370608884206
0.4195002992841312
0.4168896965211097
0.43317960520171267
0.45449973709296637
0.44488258491837673
0.36547341810116574
0.46244527644482686
0.4207151628844984
0.44910605475260185
0.4555044318103853
0.45028763867969257
0.42790463500179104
0.3820288935864854
0.4594596880487695
0.4651271866208026
0.4548692014185713
0.42824423580587917
0.3184396112833592
0.39547898827544936
0.4609808292567145
0.4066878436112884
0.35243796456597654
0.4378911435852008
0.4662897458650938
0.4909472968166466
0.44182476387402253
0.4626342826273343
0.39028728541866287
0.5363826309367243
0.5491824548813268
0.40157229350483403
0.5290678502180759
0.484466755561199
0.42815639329632277
0.47230341105408
0.49973938672075224
0.4432169512026799
0.45286248382833433
0.47655014907167204
0.4624230392268934
0.46898661006179165
0.4601980640771719
0.44242159246271634
0.4491057504912521
0.4453638205009275
0.4019984156053994
0.5001446811332846
0.4320724890174128
0.46497567132336787
0.47226472075742915
0.5817642069080504
0.463874448875825
0.45029402291479337
0.4555662788644671
0.4487104900468564
0.4913513356408174
0.4132556708809536
0.3843141377855136
0.41531489020996526
0.40495934856071325
0.46665888250757265
0.5468948254105698
0.3768302610028876
0.4379063519180187
0.397035339420571
0.46984170296168515
0.44582368718937654
0.39864444527624665
0.5221749619282307
0.4194755985745331
0.412539759852558
0.41578131234269156
0.43526435459793456
0.4113572786865909
0.3940779564016191
0.4479864933492871
0.4070200264967236
0.5219567518289089
0.40522769015754917
0.4319948805787013
0.46889431888186006
0.48735460569468275
0.46062954426604386
0.488263863229182
0.4230758139476888
0.4835615469684974
0.39409687666011156
0.4093251986469257
0.4741887983390543
0.45516134909799083
0.3716091153515263
0.43140350766147323
0.4152841533860616
0.42100010201920435
0.46136026795693164
0.4202590147669646
0.440190122007415
0.4452263810362643
0.40384195967411196
0.4341984086710358
0.3989675006730475
0.4810309226797023
0.4478092013729814
0.42643431511801283
0.4334173185096271
0.4894859814947987
0.444689785354294
0.5067754493507016
0.46953442613353746
0.41603881981768176
0.4564888609079638
0.4541718214240939
0.4781808890804752
0.49739975806902115
0.4428559502349596
0.48263947510227434
0.4620740141364451
0.4242561745259993
0.4883458382097647
0.4445541549246213
0.4102199779983531
0.4269089223112649
0.4640504876658359
0.4716749630982153
0.3818563432227591
0.44958920887542453
0.46474766651804117
0.39853755483876074
0.5218758277775667
0.49069766374152235
0.47987714299674183
0.502055038421568
0.48883995145270454
0.40254456000290384
0.4589699184742345
0.423824133510044
0.36214045294097985
0.5016460302568628
0.4431182994426465
0.48560543295774644
0.3273256363992671
0.4370926917443774
0.4643137852468528
0.4241622783077847
0.5591292159359894
0.44435673231545825
0.40768536743682726
0.5181179620407322
0.4865453470795952
0.49127696700637963
0.472544732615094
0.4433841119927662
0.37846415966828745
0.42293706811312703
0.5131287598740581
0.43901436412534234
0.4690219231009608
0.478386531965835
0.4498002836617239
0.4601045863855946
0.4129485965821622
0.40908237602304387
0.4381061669217215
0.44355175737687513
0.42317072228768293
0.46256506574542305
0.4935587319787494
0.4817357673643334
0.4819838484857692
0.47553539890373686
0.43787364235969733
0.44882570087142637
0.529047480107156
0.4129265410367165
0.36891734976066354
0.42673146605804835
0.4472449439200211
0.4442809791612316
0.44390863239244716
0.47445447603404173
0.4179383289866511
0.451990434579924
0.470574647287269
0.4916311027304375
0.49072133899798703
0.5017405801913227
0.4550081156958665
0.5403426618156116
0.4683643778689824
0.510877754471262
0.4457751589515318
0.41938074517391416
0.43751429772789985
0.3914790287625261
0.539192050255548
0.4636614245268485
0.5081990956098791
0.5034445867146978
0.48003015004274835
0.46915762098245656
0.42070886426886606
0.424366705730506
0.4554125353359675
0.4268810080169057
0.4135439618796642
0.4564667683715875
0.42315346132208553
0.4806191601581325
0.43847301566790275
0.4467495374592933
0.4467771404501327
0.494278599442721
0.5653540542361751
0.40930681265205576
0.5414521806385445
0.44803224751986837
0.45820590057240795
0.43006815647948105
0.46605565685731654
0.49226310927085726
0.4056816369319777
0.44369526908915063
0.5309069145499871
0.4387878541639075
0.4504392163124736
0.43786551044141825
0.49216288425960264
0.45188003700134355
0.49650388801431067
0.41628837253578554
0.49089585511706774
0.4841843433643298
0.45155900954242756
0.5027011207362829
0.4370048992627177
0.41312946260901634
0.4959352602712439
0.4339488851019178
0.41755743933096695
0.4464804158457389
0.362895482426431
0.4849732433695799
0.5063411341009146
0.31305530192832554
0.42903795951592677
0.438526575344147
0.4762770665717066
0.47726575299900664
0.5274425233258987
0.4414974601989696
0.47134145110837483
0.5054432282591078
0.45281254213770117
0.43526832126864806
0.3630221873747531
0.5436657165156087
0.4862885321706621
0.45081584082898496
0.4508551722065003
0.5087826533438656
0.5031481887673185
0.3891164014967512
0.4611268024059032
0.45338706534370676
0.46542957850640676
0.42123337003271527
0.4805542424091075
0.38989464789949074
0.3953967058903698
0.3914854884523368
0.46305078847601844
0.38648171132639325
0.3621165764080306
0.5181977145975158
0.4428566979673737
0.448542202797656
0.5086066613670847
0.5108014201509856
0.4054170516838861
0.39876416900951916
0.3912786121289517
0.4253534380119712
0.5326727085488742
0.5036997333069633
0.4663932932991388
0.5017350961748571
0.4559453677505355
0.38381491906242515
0.4418613991918676
0.5008475510369618
0.47791535479726227
0.494652355290079
0.47707474081416207
0.45866348937608376
0.4689396870385686
0.3783273006880157
0.5002631660011035
0.3787912641747474
0.4893857151462661
0.45348248162955307
0.4451270041222337
0.48256562969224376
0.428183129933382
0.3615526093679646
0.4681797792668728
0.45393011094995867
0.44637013249547375
0.5182392240239247
0.38388406631199096
0.5194008571340429
0.4996102497975432
0.4783152470844131
0.5071422807605337
0.3410775278034826
0.41352302077638853
0.4498026212891923
0.40122842783968815
0.4207468192879515
0.40226251531172763
0.48685473842814136
0.5128634084919483
0.4531390190292739
0.41320015390184683
0.5777926962143904
0.5091366556643586
0.40145921642844423
0.5001605128099288
0.48300629430438274
0.4418713793451054
0.43845775111471896
0.4396929334731947
0.4232330341179762
0.43184869874955145
0.4496701625475999
0.43437070919350973
0.4688244136817096
0.3840117208142762
0.4256700064491306
0.4239768600535687
0.47203569303856324
0.5094505234961613
0.4572027420110978
0.44114110762524394
0.47598013845109693
0.45594013891428814
0.45243391960501517
0.36456874446527465
0.44268380637210447
0.42567669457025686
0.4830477135715181
0.35123960327720555
0.4111052873988382
0.4434872057957405
0.443195368080063
0.5091259542664412
0.470258721968251
0.46668567481736223
0.5091317962000724
0.5368647830189863
0.3743909833086071
0.5330302731115563
0.48843179208989024
0.4873746195300021
0.4591304876142682
0.5112273567961946
0.462009768400967
0.4642550072523801
0.43822888426439277
0.48231115236641614
0.538957653526604
0.48226166243733504
0.4392837934584469
0.4954947523421381
0.41243571523452804
0.5141954193398768
0.4815928830186608
0.3315128069928639
0.37630477133427415
0.39064951024736905
0.492706923537523
0.4392799347103784
0.4403384590041009
0.44535539993168105
0.4466832021488661
0.4402371380735175
0.4243695316654866
0.45724137141569965
0.3757775245682511
0.3746711075157625
0.4203953977569703
0.43720287729496243
0.44301556318276303
0.5033842395789486
0.43496424559433394
0.3865445579219758
0.4682116360132151
0.41823220912380143
0.42105773748498565
0.48220035303846953
0.42061066522500645
0.37238704276374
0.46371476425304436
0.38463100402422223
0.403788465693726
0.39393330934402415
0.4399558901762532
0.4001760158147141
0.3752356155327111
0.4198637749526133
0.5339412691679097
0.49189096025783763
0.4337369250542033
0.3489016115733759
0.44232366100899645
0.42816346816433176
0.509325630189865
0.4331854829147992
0.47391192092243895
0.4811106231627822
0.4246802883616574
0.48795085664481375
0.5390439991677646
0.4616579893590313
0.4778206303294963
0.3962609023558094
0.4681942381337293
0.4458100226921496
0.4990808822686038
0.44163108948981583
0.4616112668802944
0.3687836625009376
0.5279615387021611
0.49245836149661604
0.4867276609436109
0.450930265593638
0.50183232510093
0.4491542387967929
0.44063457203009126
0.4916774889746417
0.48583400837068436
0.49865883730913824
0.41998084018822296
0.43888364442844885
0.5446143815559517
0.4650287030571123
0.47888709170968136
0.5564318429885392
0.553377850958671
0.397415530602538
0.4412000092028708
0.4127129104729448
0.4130664934761121
0.41967057266472646
0.4503944399159665
0.4615090220690376
0.5028256735764705
0.3758626350855085
0.42688239777863324
0.48476544641205255
0.5376106944634496
0.4996024629946887
0.4598031894436633
0.45183027156117184
0.3848587742035649
0.4920892016720821
0.4009919183508871
0.4492620415820206
0.40420487342105105
0.4287575344489994
0.4124672842618943
0.4561373738102977
0.4656242473714473
0.40171086989213745
0.4353425313814231
0.4363644263037661
0.41157497585860336
0.4126267226382536
0.39097218820366164
0.4444454658822452
0.4790188657346079
0.570497276066227
0.4503723597624657
0.46664212951507095
0.4835475472368065
0.477555787763117
0.3948151269738748
0.44904531944583326
0.4891973004233206
0.34966913658637117
0.4885009116815846
0.43365421851116887
0.41489278482538866
0.47235583801940445
0.548075705507287
0.43634570090300506
0.3799184188265947
0.4348884781147829
0.5285723897888659
0.3998977268799432
0.3414148077905365
0.455534763104372
0.43303399981756235
0.4090551058497078
0.4500635867879068
0.49093221675703624
0.4357608856934502
0.4921246938557965
0.3947072834433861
0.47489084135081705
0.46839395487968677
0.48131286358819203
0.4452985086212545
0.36002496676336515
0.4362232010719949
0.3938722425016699
0.4462208269840319
0.4716467730980859
0.4161595378029298
0.4410082717285558
0.41418040249263366
0.5205549339511828
0.43976790353462325
0.38365282091029324
0.4328814023465061
0.3903442106172712
0.49647393683214436
0.419804612986323
0.4687506569080115
0.418569932906743
0.4299321973024709
0.5040959913606226
0.47162893250176813
0.42276308617361935
0.4224843331831049
0.423222511022163
0.476471203731974
0.38681597262124534
0.408571615033491
0.47042030572555976
0.39878134680648086
0.4666696886732432
0.4412402392472365
0.3794766582820747
0.47504851161274636
0.4390221865007363
0.4265874171691904
0.5162722595472703
0.4685434025873157
0.4594577466117329
0.4478616672561419
0.4302646926630913
0.4439197937589548
0.3781470889341185
0.48639070124588973
0.4109105994497476
0.42738838536053175
0.3669160034752495
0.5023342892719178
0.4202463059084639
0.4306785372922467
0.4289073692335895
0.45926971137911254
0.42716358614920175
0.4347194254802935
0.42228825784443397
0.4540327046862371
0.4878722142050381
0.4701958199714687
0.4537004728579428
0.3843862802501977
0.536527255102609
0.4247780354306509
0.3763520466991177
0.47029249998674644
0.5133522455817718
0.4813842741863765
0.49513211194726386
0.4840699809244948
0.4032515984833294
0.4850988974276128
0.3985526654537673
0.3954086750479603
0.4665482919564009
0.4436460736609393
0.4626060453564393
0.41045968290259655
0.4667735635145862
0.46435898043445034
0.5325617924464736
0.41582891215515383
0.46472507776850497
0.4820730879524552
0.4467017257477112
0.39286962066186376
0.3515609908418204
0.4804295281532492
0.3988992940172968
0.519212356018839
0.428455211600819
0.4022590269991897
0.3970499781899244
0.4822123367894531
0.4112726005853124
0.46639604058342604
0.46846280547314423
0.40802614432370915
0.49815544015101987
0.4749262334224304
0.5280218766357476
0.4142877113607316
0.4550015016426284
0.49230605385708265
0.48420286369132987
0.5149115232749469
0.41978254907348267
0.48436691394829423
0.42672297951556853
0.3977914101774196
0.5431902839917561
0.5656861836881513
0.4396056386894236
0.3562357471047821
0.4136812025157575
0.40514843714362614
0.47425812773072107
0.5185388477119474
0.5170382521244298
0.4466164924046579
0.4769828257478037
0.5330374441716988
0.43636643610319076
0.4417754220534565
0.49223450698041776
0.500306360694621
0.41912879036337203
0.562998902676706
0.47657816172579603
0.4840811340701851
0.4051023499234978
0.4773380553445485
0.45055846332388505
0.3558145672723569
0.45348977112476363
0.4608126313887043
0.43524284066488494
0.40861942685878666
0.4104869626296463
0.4392190556616326
0.4098162279222863
0.4188126013458406
0.4227366336365992
0.47006157668462395
0.42322546822735896
0.4321032304925602
0.49124669568885077
0.3515779440397802
0.4416975994262
0.47059498761852725
0.4653746091709998
0.4512842738215424
0.4675952778720004
0.3602873699679636
0.4196936838929152
0.5296730851902965
0.471088156982673
0.525740767779939
0.4787630756633593
0.4425320268839679
0.3947573876285683
0.36707309918599684
0.504889642411176
0.42660181403472736
0.4820111705626902
0.506709542698141
0.43921669763167764
0.4071863430570859
0.4670879292138038
0.49853978845378477
0.43225081092888445
0.4676968156366822
0.47034151390701356
0.36862282419092257
0.4634950192431916
0.4998742824815797
0.4809857454150439
0.3527292176189491
0.417910792491844
0.46787006485742055
0.5165392021140242
0.4095079356236443
0.3963628603644296
0.47521853603747677
0.5054898409903714
0.44368394603458505
0.4345891272507213
0.5227608311409103
0.49128089212024695
0.5475871371461876
0.5046401966637744
0.4441497130642863
0.4247316491461617
0.3931181720716379
0.4219632690153762
0.430557400531812
0.5012462302865403
0.4238300154655169
0.3836555655057089
0.42834393771649687
0.41003469032575446
0.3939015709563694
0.4124874674218463
0.42408856631128294
0.42305896729677966
0.488646207778596
0.4459965833636564
0.4912662033409707
0.5629817985785649
0.4069798208769302
0.4114579982052049
0.45677403159004043
0.37760414589510705
0.35337298131871886
0.4604232328681528
0.4767422325433609
0.37708979092626693
0.5227887345616437
0.4276328013790598
0.47214611520250704
0.45449803080218754
0.4454152509076258
0.5379993032010538
0.4285834146610186
0.5165413783558375
0.4348366795887489
0.4724908483476019
0.4365615704340298
0.45164260606102163
0.4285302808881727
0.5185708816299451
0.42087928154606463
0.42502852223109755
0.42775157266341823
0.47690898018993483
0.41454713459579734
0.37409332455349675
0.506456961975686
0.4727160190013492
0.4993450470542502
0.4788140365874407
0.42826272320937586
0.5386889974112536
0.3675596739897011
0.4329060862743053
0.4884690815750665
0.4683140306503155
0.49826336737169197
0.4020243619187297
0.4085159077527686
0.45150537272869556
0.458920347184101
0.3745148383749234
0.482754278823275
0.39353250834479914
0.48766895504067975
0.49081487150267256
0.48251938413263123
0.4857039566794973
0.5446806178044896
0.4463442305021775
0.48549750920450396
0.4545201216252676
0.47783655654143364
0.4188234625802563
0.5474529922759277
0.5418905322111417
0.5014175345022209
0.4656208068897405
0.5129110079650604
0.3318371712135721
0.4134717522708143
0.3811222256575627
0.4560128286866239
0.4057109798037127
0.43217522481675746
0.4768884448960551
0.4146995520117779
0.512088007503138
0.402085299863451
0.5052004634758889
0.35200302191751187
0.46005484188139634
0.4275976033658845
0.49420770610559983
0.45579722466187655
0.42418119315580943
0.4345730379727588
0.49928146477403457
0.36401343217614845
0.4811089930897401
0.47069394573822615
0.5247441889644358
0.5180435766259476
0.41454693583366414
0.39808262145342377
0.4246532220814868
0.49314850054288123
0.4728578799651648
0.37356653790636407
0.4688861790204943
0.51145196766603
0.4730910399859365
0.4044640711054704
0.42933371376133606
0.36478270376094046
0.5350990749070526
0.5050129550395586
0.4531158884068618
0.48623754523742063
0.4348625012063401
0.5113858536024026
0.4414918152604111
0.4908836948718507
0.45504595707738305
0.5184549757888076
0.4141995708470326
0.44936679717695704
0.4541536044885032
0.48523370507076524
0.39835762750031906
0.4267926736787299
0.5090159123142249
0.4090004430347466
0.4043799335698509
0.3960846896556716
0.4723122650252758
0.4962495561927091
0.5614101843927725
0.4598137904550106
0.47281897926896416
0.5184580824236737
0.4316495440696852
0.4586990472769479
0.4803417084526775
0.4591739576210008
0.38506876418968616
0.4701986319134913
0.48723482192617856
0.4979724036119295
0.519658125921616
0.45432736515349953
0.4455072266181258
0.46599520377469983
0.41179284723070525
0.44718577858295994
0.4257414552546039
0.48836877237195664
0.5039050221828053
0.3826422946503797
0.4761726225712031
0.390330917710524
0.4635288406267561
0.4380731096661944
0.4869108499735261
0.4290710683758274
0.3918266736294003
0.4179600577617736
